"spp"	"spp.1"	"palindrome"	"obs"	"markov0"	"markov1"	"markov2"	"markov3"	"genomesize"	"A"	"Th"	"C"	"G"	"N"	"pval"	"fdrs"	"frecObs"	"OE"	"GC"
Cyanobium_sp_Aljojuca_7A6_Aljojuca_7A6_	Cyanobium_sp_Aljojuca_7A6_Aljojuca_7A6_	tgcgca	1527	1073.15828937716	1628.57822234023	923.25032149081	739.377426871231	3131121	510591	513115	1051331	1056084	0	2.23633068138942e-141	5.87566461131367e-139	0.487684762102774	2.06525104027275	0.673054474739239
Cyanobium_sp_N_Huapi_1H5_N_Huapi_1H5_	Cyanobium_sp_N_Huapi_1H5_N_Huapi_1H5_	tgcgca	1582	1061.52889044947	1501.45653160099	845.369082587362	688.504015502051	3137012	478336	470712	1098623	1089341	0	4.54498903498622e-186	2.8360731578314e-183	0.504301545547164	2.29773532816133	0.697467526423233
Cyanobium_sp_AMD-g	Cyanobium_sp_AMD-g	tgcgca	1580	1067.96923295533	1621.89597703721	918.074503195873	732.452566926542	3121205	499015	501656	1056727	1063807	0	6.02866225100005e-162	2.22926533014757e-159	0.506214747188986	2.15713627249593	0.679395938427626
Synechococcus_elongatus_PCC_6301_PCC_6301_	Synechococcus_elongatus_PCC_6301_PCC_6301_	cgatcg	13315	805.82580896536	908.279762488409	2741.99458114283	5314.10053658728	2749599	613457	611833	762623	761686	0	0	0	4.84252430990846	2.50559806091868	0.554375019775611
Candidatus_Synechococcus_spongiarum_15L	Candidatus_Synechococcus_spongiarum_15L	ccatgg	3283	673.716312269537	1344.64511161853	1418.00876658736	2017.89832189475	2209101	447423	448007	648300	648635	16736	3.91288763997807e-147	1.11617914850117e-144	1.48612489877104	1.62694024985231	0.591568922145719
Synechococcus_sp_PCC_7502_PCC_7502_	Synechococcus_sp_PCC_7502_PCC_7502_	cgatcg	7006	537.554345749918	278.456982163624	597.046254982804	1349.58924331704	3583735	1063040	1064941	729573	726181	0	0	0	1.95494365515307	5.19120912877205	0.406211396769013
Synechococcus_sp_PCC_8807_PCC_8807_	Synechococcus_sp_PCC_8807_PCC_8807_	cgatcg	6004	786.230387793151	643.741637366895	1305.70385155346	2100.20494809656	3304088	836277	836562	814829	816420	0	0	0	1.81714288481421	2.85876861943473	0.493706281430761
Synechococcus_sp_JA-3-3Ab_JA-3-3Ab_	Synechococcus_sp_JA-3-3Ab_JA-3-3Ab_	ggatcc	8335	953.91455110813	1062.89430020364	2602.77362770082	4426.12321132793	2932766	583006	583140	882286	884334	0	0	0	2.84202694657535	1.88313781655873	0.602373322658541
Synechococcus_sp_PCC_7117_PCC_7117_	Synechococcus_sp_PCC_7117_PCC_7117_	cgatcg	6111	808.392087790899	655.435396307777	1307.84718055785	2080.94145625824	3432101	874421	871614	843306	842760	0	0	0	1.78054200619387	2.93665157259553	0.491263514680949
Synechococcus_sp_PCC_7002_PCC_7002_	Synechococcus_sp_PCC_7002_PCC_7002_	cgatcg	6249	842.415114954693	725.48750271201	1421.21481461591	2204.94913611965	3498368	882170	878929	868991	868278	0	0	0	1.78626147963851	2.83407898061414	0.496594126175405
Synechococcus_sp_NKBG042902_NKBG042902_	Synechococcus_sp_NKBG042902_NKBG042902_	cgatcg	6066	789.375560206777	646.385439003034	1299.64744891029	2074.63442673551	3319479	838834	842317	819102	819225	1	0	0	1.8273952026809	2.92388862434188	0.493549588218389
Cyanobium_sp_NIES-981	Cyanobium_sp_NIES-981	tgcgca	1673	1030.39104219474	1729.16456336413	1047.0466850849	822.541567685134	3021545	482925	465347	1040867	1032406	0	5.3737908485725e-149	1.62581599491357e-146	0.553690247869881	2.03393976149837	0.686163204585733
Synechococcus_sp_EJ6-Ellesmere_EJ6-Ellesmere_	Synechococcus_sp_EJ6-Ellesmere_EJ6-Ellesmere_	tgcgca	1580	991.075627282587	1626.66089821524	953.360746659508	801.337062002898	2892111	490229	494910	953055	953917	0	3.81623553214545e-130	9.52532388823505e-128	0.546313747985468	1.97170463581315	0.659370266217306
Cyanobium_sp_Cruz-8H5_Cruz-8H5_	Cyanobium_sp_Cruz-8H5_Cruz-8H5_	tgcgca	1979	1353.99766683927	2157.5373510047	1256.77143457188	986.605887348002	3948278	658509	658265	1317509	1313995	0	8.57556365214831e-170	3.42473710012195e-167	0.501231169639017	2.00586680596398	0.666494101985726
Cyanobium_sp_Cruz_CV11-17	Cyanobium_sp_Cruz_CV11-17	tgcgca	1822	1172.74732794411	1787.35302829762	1041.44612722781	852.220511076093	3421842	554584	565550	1146165	1155543	0	1.26142807651519e-182	6.62847258733036e-180	0.532461755978213	2.13794431877657	0.67265174721685
Synechococcus_sp_PCC_7003_PCC_7003_	Synechococcus_sp_PCC_7003_PCC_7003_	cgatcg	5899	792.376534725989	644.372073839266	1266.84794988315	2004.79178421019	3345085	848666	848580	824647	823192	0	0	0	1.7634828412432	2.94245020677994	0.492614985867325
Cyanobium_sp_NS01_NS01_	Cyanobium_sp_NS01_NS01_	tgcgca	1555	940.292895795427	1724.36992818631	966.109988962152	786.08540257447	2748087	439261	442008	938354	928464	0	3.26287449941956e-129	7.75631881004879e-127	0.565848170017907	1.97815656531376	0.679315465631183
Synechococcus_sp_GreenBA-s_GreenBA-s_	Synechococcus_sp_GreenBA-s_GreenBA-s_	tgcgca	1634	959.492781553389	1741.63110287786	977.97946887228	737.462545986287	2852592	423036	422036	1006307	1001213	0	9.72470897571571e-178	4.62340449588313e-175	0.572812375551779	2.21570574518422	0.703752937679135
Synechococcus_sp_PCC_73109_PCC_73109_	Synechococcus_sp_PCC_73109_PCC_73109_	cgatcg	5995	784.09517583877	641.223876853201	1292.73253048577	2071.6538925102	3298676	835724	835233	813227	814492	0	0	0	1.81739582790186	2.89382315341099	0.493446158398097
Vulcanococcus_limneticus_Candia_3B3_Candia_3B3_	Vulcanococcus_limneticus_Candia_3B3_Candia_3B3_	tgcgca	1861	1175.28954231115	2064.81260493286	1186.25411607727	925.874026202579	3444893	540402	541216	1180789	1182486	0	1.2145984325576e-160	4.18156922436381e-158	0.54021997199913	2.00999266350822	0.686022758907171
Synechococcus_elongatus_UTEX_2973_UTEX_2973_	Synechococcus_elongatus_UTEX_2973_UTEX_2973_	cgatcg	13286	804.327038947544	906.608826085574	2736.16186030868	5299.52867281794	2744626	610686	612439	760195	761306	0	0	0	4.84073239851258	2.50701540084986	0.554356404114805
Cyanobium_gracile_PCC_6307_PCC_6307_	Cyanobium_gracile_PCC_6307_PCC_6307_	tgcgca	1657	1139.56681428641	1615.06833826374	932.109328814031	749.361482176269	3342364	527179	518741	1150343	1146101	0	2.12477199408948e-179	1.06068617944947e-176	0.495756895418931	2.21121586765816	0.687071785119754
Vulcanococcus_limneticus_Candia_3F8_Candia_3F8_	Vulcanococcus_limneticus_Candia_3F8_Candia_3F8_	tgcgca	1899	1193.48779950969	2097.99098787646	1209.11002293482	944.898241216396	3496329	551252	550262	1193882	1200933	0	7.97932590142163e-164	3.06406114614591e-161	0.543141106000036	2.00974022086797	0.684951273178239
Cyanobium_sp_ATX_6F1_ATX_6F1_	Cyanobium_sp_ATX_6F1_ATX_6F1_	tgcgca	1606	1016.16835334621	1593.01071181737	910.036838330006	780.65540297606	2964692	507417	490732	989851	976692	0	3.48124565663315e-147	1.02225754811251e-144	0.541708885779703	2.05724573720686	0.66332118142458
Cyanobium_sp_Lug-B	Cyanobium_sp_Lug-B	tgcgca	1580	1081.11006968166	1517.75608846044	868.338600124719	702.340721447961	3181767	489562	488994	1099507	1103704	0	1.0812024966928e-177	4.90669351226404e-175	0.496579416406041	2.24962037904144	0.692448881392006
Cyanobium_sp_CH-040_CH-040_	Cyanobium_sp_CH-040_CH-040_	tgcgca	1896	985.33092592889	1818.84890087212	1121.08265605571	885.370200281198	2900923	444879	445862	1004895	1005287	0	1.08803471982076e-190	7.75924188763608e-188	0.653585083092519	2.14147708991992	0.69294565901956
Vulcanococcus_limneticus_LL_LL_	Vulcanococcus_limneticus_LL_LL_	tgcgca	1908	1212.14448318738	2122.63721425164	1225.48843354337	958.345613960072	3548884	564139	558888	1213778	1212027	52	1.09235181088597e-160	3.89501445710197e-158	0.537633802626403	1.99093100882026	0.683550249772319
Cyanobium_sp_ATX_6A2_ATX_6A2_	Cyanobium_sp_ATX_6A2_ATX_6A2_	tgcgca	1897	1028.16174241163	1954.62657777426	1155.89885636839	929.199529206006	3005893	482038	478730	1023959	1021166	0	3.20210450356442e-170	1.3320754734828e-167	0.631093655030302	2.04154214501268	0.680371856217104
Vulcanococcus_limneticus_MW73D5_MW73D5_	Vulcanococcus_limneticus_MW73D5_MW73D5_	tgcgca	1855	1175.5680827084	2065.05831535324	1186.92359377347	925.299032111693	3446141	537791	543698	1179068	1185584	0	4.47840199546968e-159	1.49041218409231e-156	0.538283256546961	2.00475731155426	0.686173897121447
Synechococcus_sp_PCC_7336_PCC_7336_	Synechococcus_sp_PCC_7336_PCC_7336_	cgatcg	19023	1410.65406770641	1804.74218847077	4387.01803430297	7606.56976647798	5066637	1170631	1174143	1354159	1367004	700	0	0	3.75456145762959	2.50086446111808	0.537149001260774
Cyanobium_sp_Cruz-8D1_Cruz-8D1_	Cyanobium_sp_Cruz-8D1_Cruz-8D1_	tgcgca	2008	1359.90355216157	2178.12201724277	1265.50046640638	997.827703811374	3965486	661323	661314	1321487	1321362	0	1.14247104049624e-173	4.95931776883238e-171	0.506369206700011	2.01237146686758	0.666462824481035
Synechococcus_elongatus_PCC_7942_=_FACHB-805_FACHB-805_	Synechococcus_elongatus_PCC_7942_=_FACHB-805_FACHB-805_	cgatcg	13312	804.071572272482	907.090106537848	2742.73568518148	5315.87696561507	2743371	609814	612609	760336	760612	0	0	0	4.8524242619755	2.50419640749901	0.554408426712975
Cyanobium_sp_PCC_7001_PCC_7001_	Cyanobium_sp_PCC_7001_PCC_7001_	tgcgca	1503	963.045852793294	1610.58964273046	951.052530241598	748.099990033616	2834252	442331	443238	975165	971963	1555	5.10676681995777e-130	1.24355999830386e-127	0.530298646697612	2.00908972065681	0.687376023626953
Synechococcus_sp_OG1	Synechococcus_sp_OG1	cgatcg	6129	810.029960124975	662.175954185085	1320.31637102126	2100.38427330382	3433936	873415	872339	843582	844600	0	0	0	1.78483233234399	2.91803746481082	0.491617199621659
Cyanobium_sp_Cruz_CV13-4-11_Cruz_CV13-4-11_	Cyanobium_sp_Cruz_CV13-4-11_Cruz_CV13-4-11_	tgcgca	1822	1170.41711487725	1783.35954470837	1038.51883215384	849.835851062896	3414812	559694	557070	1150548	1147500	0	8.27507894140078e-184	4.85990518534973e-181	0.533557923540154	2.1439434423968	0.672964719580463
Cyanobium_sp_La_Preciosa_7G6_La_Preciosa_7G6_	Cyanobium_sp_La_Preciosa_7G6_La_Preciosa_7G6_	tgcgca	1526	1072.81148008859	1627.81954326962	922.454260549169	738.409289570303	3130083	510726	512675	1055194	1051488	0	1.64565943722927e-141	4.4406118435938e-139	0.487527008069754	2.06660455326613	0.673043494373791
Cyanobium_sp_Candia_9D4_Candia_9D4_	Cyanobium_sp_Candia_9D4_Candia_9D4_	tgcgca	1616	1092.02042482851	1543.07212108742	877.383281392418	706.480212745152	3220566	492683	489116	1121319	1117448	0	3.11848580884344e-188	2.07566415436619e-185	0.501775153808368	2.28739598200599	0.695147064211694
Cyanobium_sp_Cruz_CV11-17_Cruz_CV11-17_	Cyanobium_sp_Cruz_CV11-17_Cruz_CV11-17_	tgcgca	1822	1172.74732794411	1787.35302829762	1041.44612722781	852.220511076093	3421842	554584	565550	1146165	1155543	0	1.26142807651519e-182	6.62847258733036e-180	0.532461755978213	2.13794431877657	0.67265174721685
Synechococcus_sp_WH_5701_WH_5701_	Synechococcus_sp_WH_5701_WH_5701_	tgcgca	1606	716.555263308945	1661.63417828574	956.880791670737	808.31561506485	3280236	524638	528889	991991	998316	236402	6.8685786057954e-135	1.75835612308362e-132	0.489598919102162	1.98684767443365	0.653881584869609
Cyanobium_sp_N5-Cardenillas_N5-Cardenillas_	Cyanobium_sp_N5-Cardenillas_N5-Cardenillas_	tgcgca	1346	883.162977378653	1299.22953166014	740.932256877624	601.735766430774	2592858	400320	406761	892511	893266	0	7.28209118639687e-150	2.27201245015582e-147	0.519118285690925	2.23686221609174	0.688729193808531
Candidatus_Synechococcus_spongiarum_142	Candidatus_Synechococcus_spongiarum_142	ccatgg	3794	660.008436720298	1685.45643464226	1880.58099921566	2434.44191606192	2271413	463005	461374	656449	658408	32177	2.70490854396233e-143	7.50161302858887e-141	1.67032591607075	1.55846807227891	0.587190005877004
Cyanobium_sp_CACIAM_14	Cyanobium_sp_CACIAM_14	tgcgca	1558	1096.20132384593	1479.70598666934	940.645469795105	735.696849129339	3212489	502123	507844	1099840	1102681	1	4.51296332481684e-153	1.4534653495152e-150	0.48498220538654	2.11772009332895	0.685612210847169
