"spp"	"spp.1"	"palindrome"	"obs"	"markov0"	"markov1"	"markov2"	"markov3"	"genomesize"	"A"	"Th"	"C"	"G"	"N"	"pval"	"fdrs"	"frecObs"	"OE"	"GC"
Synechococcus_elongatus_PCC_6301_PCC_6301_	Synechococcus_elongatus_PCC_6301_PCC_6301_	cgatcg	13315	805.82580896536	908.279762488409	2741.99458114283	5314.10053658728	2749599	613457	611833	762623	761686	0	0	0	4.84252430990846	2.50559806091868	0.554375019775611
Synechococcus_sp_PCC_7502_PCC_7502_	Synechococcus_sp_PCC_7502_PCC_7502_	cgatcg	7006	537.554345749918	278.456982163624	597.046254982804	1349.58924331704	3583735	1063040	1064941	729573	726181	0	0	0	1.95494365515307	5.19120912877205	0.406211396769013
Synechococcus_sp_PCC_8807_PCC_8807_	Synechococcus_sp_PCC_8807_PCC_8807_	cgatcg	6004	786.230387793151	643.741637366895	1305.70385155346	2100.20494809656	3304088	836277	836562	814829	816420	0	0	0	1.81714288481421	2.85876861943473	0.493706281430761
Synechococcus_sp_JA-3-3Ab_JA-3-3Ab_	Synechococcus_sp_JA-3-3Ab_JA-3-3Ab_	ggatcc	8335	953.91455110813	1062.89430020364	2602.77362770082	4426.12321132793	2932766	583006	583140	882286	884334	0	0	0	2.84202694657535	1.88313781655873	0.602373322658541
Synechococcus_sp_PCC_7117_PCC_7117_	Synechococcus_sp_PCC_7117_PCC_7117_	cgatcg	6111	808.392087790899	655.435396307777	1307.84718055785	2080.94145625824	3432101	874421	871614	843306	842760	0	0	0	1.78054200619387	2.93665157259553	0.491263514680949
Synechococcus_sp_PCC_7002_PCC_7002_	Synechococcus_sp_PCC_7002_PCC_7002_	cgatcg	6249	842.415114954693	725.48750271201	1421.21481461591	2204.94913611965	3498368	882170	878929	868991	868278	0	0	0	1.78626147963851	2.83407898061414	0.496594126175405
Synechococcus_sp_NKBG042902_NKBG042902_	Synechococcus_sp_NKBG042902_NKBG042902_	cgatcg	6066	789.375560206777	646.385439003034	1299.64744891029	2074.63442673551	3319479	838834	842317	819102	819225	1	0	0	1.8273952026809	2.92388862434188	0.493549588218389
Synechococcus_sp_PCC_7003_PCC_7003_	Synechococcus_sp_PCC_7003_PCC_7003_	cgatcg	5899	792.376534725989	644.372073839266	1266.84794988315	2004.79178421019	3345085	848666	848580	824647	823192	0	0	0	1.7634828412432	2.94245020677994	0.492614985867325
Synechococcus_sp_PCC_73109_PCC_73109_	Synechococcus_sp_PCC_73109_PCC_73109_	cgatcg	5995	784.09517583877	641.223876853201	1292.73253048577	2071.6538925102	3298676	835724	835233	813227	814492	0	0	0	1.81739582790186	2.89382315341099	0.493446158398097
Synechococcus_elongatus_UTEX_2973_UTEX_2973_	Synechococcus_elongatus_UTEX_2973_UTEX_2973_	cgatcg	13286	804.327038947544	906.608826085574	2736.16186030868	5299.52867281794	2744626	610686	612439	760195	761306	0	0	0	4.84073239851258	2.50701540084986	0.554356404114805
Synechococcus_sp_PCC_7336_PCC_7336_	Synechococcus_sp_PCC_7336_PCC_7336_	cgatcg	19023	1410.65406770641	1804.74218847077	4387.01803430297	7606.56976647798	5066637	1170631	1174143	1354159	1367004	700	0	0	3.75456145762959	2.50086446111808	0.537149001260774
Synechococcus_elongatus_PCC_7942_=_FACHB-805_FACHB-805_	Synechococcus_elongatus_PCC_7942_=_FACHB-805_FACHB-805_	cgatcg	13312	804.071572272482	907.090106537848	2742.73568518148	5315.87696561507	2743371	609814	612609	760336	760612	0	0	0	4.8524242619755	2.50419640749901	0.554408426712975
Synechococcus_sp_OG1	Synechococcus_sp_OG1	cgatcg	6129	810.029960124975	662.175954185085	1320.31637102126	2100.38427330382	3433936	873415	872339	843582	844600	0	0	0	1.78483233234399	2.91803746481082	0.491617199621659
