"spp"	"spp.1"	"palindrome"	"obs"	"markov0"	"markov1"	"markov2"	"markov3"	"genomesize"	"A"	"Th"	"C"	"G"	"N"	"pval"	"fdrs"	"frecObs"	"OE"	"GC"
Synechococcus_elongatus_PCC_6301_PCC_6301_	Synechococcus_elongatus_PCC_6301_PCC_6301_	GCGATCGC	7516	61.9138779691187	105.855875318797	280.26592675238	890.894758927164	2749599	613457	611833	762623	761686	0	0	0	2.73348950156005	8.43646224729276	0.554375019775611
Synechococcus_sp_PCC_7502_PCC_7502_	Synechococcus_sp_PCC_7502_PCC_7502_	GCGATCGC	4848	22.1750186330876	16.7002528020479	37.235654840784	160.082834494389	3583735	1063040	1064941	729573	726181	0	0	0	1.35277859551557	30.2843213347146	0.406211396769013
Synechococcus_sp_PCC_8807_PCC_8807_	Synechococcus_sp_PCC_8807_PCC_8807_	GCGATCGC	5491	47.9100322857076	43.4774332052094	90.2269793032064	243.491594115276	3304088	836277	836562	814829	816420	0	0	0	1.6618806763016	22.551086496236	0.493706281430761
Synechococcus_sp_JA-3-3Ab_JA-3-3Ab_	Synechococcus_sp_JA-3-3Ab_JA-3-3Ab_	GGGATCCC	3401	86.5326616700976	113.822400685718	219.389153588934	544.574080192783	2932766	583006	583140	882286	884334	0	0	0	1.15965610621509	6.24524765996212	0.602373322658541
Synechococcus_sp_PCC_7117_PCC_7117_	Synechococcus_sp_PCC_7117_PCC_7117_	GCGATCGC	5578	48.774270917074	44.0411796886691	89.8644541650011	237.908259231108	3432101	874421	871614	843306	842760	0	0	0	1.62524354615438	23.4460124168343	0.491263514680949
Synechococcus_sp_PCC_7002_PCC_7002_	Synechococcus_sp_PCC_7002_PCC_7002_	GCGATCGC	5620	51.9360593464252	49.9158736978698	100.551616524957	250.592030265941	3498368	882170	878929	868991	868278	0	0	0	1.606463356628	22.4268904084291	0.496594126175405
Synechococcus_sp_NKBG042902_NKBG042902_	Synechococcus_sp_NKBG042902_NKBG042902_	GCGATCGC	5555	48.0711760097972	43.7841208424496	90.1570436857682	240.964471625442	3319479	838834	842317	819102	819225	1	0	0	1.67345538260673	23.053191047329	0.493549588218389
Synechococcus_sp_PCC_7003_PCC_7003_	Synechococcus_sp_PCC_7003_PCC_7003_	GCGATCGC	5408	48.0713429671889	43.1335875913851	86.3528119897218	226.17844658881	3345085	848666	848580	824647	823192	0	0	0	1.61670032301122	23.9103242663599	0.492614985867325
Synechococcus_sp_PCC_73109_PCC_73109_	Synechococcus_sp_PCC_73109_PCC_73109_	GCGATCGC	5492	47.7296016062768	43.2802221740594	88.3291699643317	238.932061039523	3298676	835724	835233	813227	814492	0	0	0	1.66491040647824	22.9856134673008	0.493446158398097
Synechococcus_elongatus_UTEX_2973_UTEX_2973_	Synechococcus_elongatus_UTEX_2973_UTEX_2973_	GCGATCGC	7500	61.7945632697471	105.648383769083	279.530370748916	887.600100535647	2744626	610686	612439	760195	761306	0	0	0	2.73261274942378	8.44975118352726	0.554356404114805
Synechococcus_sp_PCC_7336_PCC_7336_	Synechococcus_sp_PCC_7336_PCC_7336_	GCGATCGA	1905	87.9367841671835	139.982256343351	410.473527434503	744.839511639527	5066637	1170631	1174143	1354159	1367004	700	1.11999768256362e-275	7.61278424805384e-273	0.375989043620058	2.55759793919464	0.537149001260774
Synechococcus_sp_PCC_7336_PCC_7336_	Synechococcus_sp_PCC_7336_PCC_7336_	GCGATCGC	8312	101.723248155097	171.126276306783	355.529012354097	837.642728977524	5066637	1170631	1174143	1354159	1367004	700	0	0	1.64053592155901	9.92308500086441	0.537149001260774
Synechococcus_sp_PCC_7336_PCC_7336_	Synechococcus_sp_PCC_7336_PCC_7336_	TCGATCGC	1870	87.3718290206684	138.858999931387	410.282617753807	744.858339736384	5066637	1170631	1174143	1354159	1367004	700	1.61397975136076e-261	1.02390875426326e-258	0.369081108435438	2.51054448911966	0.537149001260774
Synechococcus_elongatus_PCC_7942_=_FACHB-805_FACHB-805_	Synechococcus_elongatus_PCC_7942_=_FACHB-805_FACHB-805_	GCGATCGC	7515	61.7865621158334	105.847292654796	280.698168139143	892.548616420552	2743371	609814	612609	760336	760612	0	0	0	2.73933055354161	8.41970942730035	0.554408426712975
Synechococcus_sp_OG1	Synechococcus_sp_OG1	GCGATCGC	5599	48.9434768138457	44.4753057484148	90.705702709334	242.066923718673	3433936	873415	872339	843582	844600	0	0	0	1.63049049254267	23.1299671759661	0.491617199621659
